MapName: Svit
CenterLatitude: 49.0555601470384
CenterLongitude: 20.1928136554851

