MapName: Wheatland
CenterLatitude: 37.9346581723365
CenterLongitude: -93.38516129137

